1
608 600 3
1
110
74
210 80 5
270 80 5
330 80 5
390 80 5
450 80 5
510 80 5
570 80 5
630 80 5
690 80 5
750 80 5
810 80 5
870 80 5
930 80 5
990 80 5
1050 80 5
210 130 4
270 130 4
330 130 4
390 130 4
450 130 4
510 130 4
570 130 4
630 130 4
690 130 4
750 130 4
810 130 4
870 130 4
930 130 4
990 130 4
1050 130 4
210 180 3
270 180 3
330 180 3
390 180 3
450 180 3
510 180 3
570 180 3
630 180 3
690 180 3
750 180 3
810 180 3
870 180 3
930 180 3
990 180 3
1050 180 3
210 230 2
270 230 2
330 230 2
390 230 2
450 230 2
510 230 2
570 230 2
630 230 2
690 230 2
750 230 2
810 230 2
870 230 2
930 230 2
990 230 2
1050 230 2
210 280 1
270 280 1
330 280 1
390 280 1
450 280 1
510 280 1
570 280 1
690 280 1
750 280 1
810 280 1
870 280 1
930 280 1
990 280 1
1050 280 1
2
401 412 0
636 408 1
