30
493 600 3
1
0
65
145 85 5
205 85 5
265 85 5
325 85 5
385 85 5
445 85 5
625 85 5
685 85 5
745 85 5
805 85 5
865 85 5
925 85 5
985 85 5
145 135 4
205 135 4
265 135 4
325 135 4
385 135 4
445 135 4
625 135 4
685 135 4
745 135 4
805 135 4
865 135 4
925 135 4
985 135 4
145 185 3
205 185 3
265 185 3
325 185 3
385 185 3
445 185 3
625 185 3
685 185 3
745 185 3
805 185 3
865 185 3
925 185 3
985 185 3
145 235 2
205 235 2
265 235 2
325 235 2
385 235 2
445 235 2
625 235 2
685 235 2
745 235 2
805 235 2
865 235 2
925 235 2
985 235 2
145 285 1
205 285 1
265 285 1
325 285 1
385 285 1
445 285 1
625 285 1
685 285 1
745 285 1
805 285 1
865 285 1
925 285 1
985 285 1
2
761 302 0
521 398 1
