7
218 600 3
1
20
69
195 85 5
255 85 5
315 85 5
375 85 5
435 85 5
495 85 5
555 85 5
615 85 5
675 85 5
735 85 5
795 85 5
855 85 5
915 85 5
975 85 5
1035 85 5
195 135 4
255 135 4
315 135 4
375 135 4
435 135 4
495 135 4
555 135 4
615 135 4
675 135 4
735 135 4
795 135 4
855 135 4
915 135 4
975 135 4
1035 135 4
195 185 3
255 185 3
315 185 3
375 185 3
435 185 3
495 185 3
555 185 3
615 185 3
675 185 3
735 185 3
795 185 3
855 185 3
915 185 3
975 185 3
1035 185 3
195 235 2
255 235 2
315 235 2
375 235 2
435 235 2
495 235 2
555 235 2
675 235 2
735 235 2
795 235 2
855 235 2
915 235 2
975 235 2
1035 235 2
195 285 1
255 285 1
375 285 1
495 285 1
735 285 1
795 285 1
855 285 1
915 285 1
975 285 1
1035 285 1
1
396 447 0
